 0.7071068     0.5089939    0.1981128
 0.5089939     0.7003822   -0.1913883
 0.7003822     0.5171146    0.1832676
 0.5171146     0.6941914   -0.1770768
 0.6941914     0.5244745    0.1697169
 0.5244745     0.6884800   -0.1640056
 0.6884800     0.5311668    0.1573132
 0.5311668     0.6832015   -0.1520347
 0.6832015     0.5372698    0.1459317
 0.5372698     0.6783154   -0.1410456
 0.6783154     0.5428495    0.1354660
 0.5428495     0.6737867   -0.1309372
 0.6737867     0.5479620    0.1258247
 0.5479620     0.6695845   -0.1216225
 0.6695845     0.5526557    0.1169288
 0.5526557     0.6656815   -0.1130258
 0.6656815     0.5569721    0.1087094
 0.5569721     0.6620535   -0.1050814
 0.6620535     0.5609477    0.1011058
 0.5609477     0.6586788   -0.0977311
 0.6586788     0.5646141    0.0940647
 0.5646141     0.6555380   -0.0909239
 0.6555380     0.5679994    0.0875386
 0.5679994     0.6526134   -0.0846140
 0.6526134     0.5711283    0.0814851
 0.5711283     0.6498890   -0.0787608
 0.6498890     0.5740228    0.0758662
 0.5740228     0.6473504   -0.0733275
 0.6473504     0.5767028    0.0706476
 0.5767028     0.6449841   -0.0682814
 0.6449841     0.5791858    0.0657984
 0.5791858     0.6427781   -0.0635923
 0.6427781     0.5814877    0.0612904
 0.5814877     0.6407210   -0.0592333
 0.6407210     0.5836230    0.0570980
 0.5836230     0.6388026   -0.0551795
 0.6388026     0.5856048    0.0531978
 0.5856048     0.6370132   -0.0514084
 0.6370132     0.5874448    0.0495684
 0.5874448     0.6353441   -0.0478993
 0.6353441     0.5891539    0.0461902
 0.5891539     0.6337871   -0.0446331
 0.6337871     0.5907420    0.0430451
 0.5907420     0.6323345   -0.0415925
 0.6323345     0.5922181    0.0401164
 0.5922181     0.6309793   -0.0387612
 0.6309793     0.5935905    0.0373889
 0.5935905     0.6297150   -0.0361246
 0.6297150     0.5948667    0.0348483
 0.5948667     0.6285355   -0.0336687
 0.6285355     0.5960539    0.0324816
 0.5960539     0.6274349   -0.0313810
 0.6274349     0.5971584    0.0302765
 0.5971584     0.6264082   -0.0292498
 0.6264082     0.5981862    0.0282220
 0.5981862     0.6254503   -0.0272641
 0.6254503     0.5991428    0.0263075
 0.5991428     0.6245566   -0.0254138
 0.6245566     0.6000332    0.0245234
 0.6000332     0.6237229   -0.0236897
 0.6237229     0.6008621    0.0228607
 0.6008621     0.6229450   -0.0220829
 0.6229450     0.6016339    0.0213111
 0.6016339     0.6222194   -0.0205855
 0.6222194     0.6023526    0.0198668
 0.6023526     0.6215425   -0.0191899
 0.6215425     0.6030219    0.0185206
 0.6030219     0.6209110   -0.0178891
 0.6209110     0.6036453    0.0172658
 0.6036453     0.6203220   -0.0166767
 0.6203220     0.6042259    0.0160961
 0.6042259     0.6197725   -0.0155467
 0.6197725     0.6047667    0.0150058
 0.6047667     0.6192600   -0.0144933
 0.6192600     0.6052706    0.0139895
 0.6052706     0.6187820   -0.0135114
 0.6187820     0.6057400    0.0130420
 0.6057400     0.6183361   -0.0125961
 0.6183361     0.6061773    0.0121588
 0.6061773     0.6179202   -0.0117429
 0.6179202     0.6065847    0.0113354
 0.6065847     0.6175322   -0.0109475
 0.6175322     0.6069644    0.0105678
 0.6069644     0.6171705   -0.0102061
 0.6171705     0.6073182    0.0098523
 0.6073182     0.6168330   -0.0095149
 0.6168330     0.6076478    0.0091852
 0.6076478     0.6165183   -0.0088705
 0.6165183     0.6079551    0.0085633
 0.6079551     0.6162249   -0.0082698
 0.6162249     0.6082414    0.0079835
 0.6082414     0.6159512   -0.0077098
 0.6159512     0.6085082    0.0074430
 0.6085082     0.6156959   -0.0071877
 0.6156959     0.6087568    0.0069391
 0.6087568     0.6154579   -0.0067011
 0.6154579     0.6089886    0.0064693
 0.6089886     0.6152359   -0.0062473
 0.6152359     0.6092046    0.0060313
 0.6092046     0.6150289   -0.0058243
 0.6150289     0.6094059    0.0056230
 0.6094059     0.6148359   -0.0054300
 0.6148359     0.6095935    0.0052423
 0.6095935     0.6146559   -0.0050623
 0.6146559     0.6097684    0.0048874
 0.6097684     0.6144880   -0.0047196
 0.6144880     0.6099315    0.0045566
 0.6099315     0.6143315   -0.0044001
 0.6143315     0.6100834    0.0042481
 0.6100834     0.6141856   -0.0041022
 0.6141856     0.6102251    0.0039605
 0.6102251     0.6140495   -0.0038244
 0.6140495     0.6103571    0.0036924
 0.6103571     0.6139226   -0.0035655
 0.6139226     0.6104802    0.0034424
 0.6104802     0.6138043   -0.0033241
 0.6138043     0.6105949    0.0032094
 0.6105949     0.6136939   -0.0030991
 0.6136939     0.6107018    0.0029921
 0.6107018     0.6135911   -0.0028893
 0.6135911     0.6108015    0.0027896
 0.6108015     0.6134952   -0.0026937
 0.6134952     0.6108944    0.0026007
 0.6108944     0.6134057   -0.0025113
 0.6134057     0.6109810    0.0024247
 0.6109810     0.6133223   -0.0023413
 0.6133223     0.6110618    0.0022605
 0.6110618     0.6132446   -0.0021828
 0.6132446     0.6111371    0.0021075
 0.6111371     0.6131721   -0.0020350
 0.6131721     0.6112072    0.0019648
 0.6112072     0.6131045   -0.0018972
 0.6131045     0.6112727    0.0018318
 0.6112727     0.6130415   -0.0017688
 0.6130415     0.6113337    0.0017078
 0.6113337     0.6129827   -0.0016491
 0.6129827     0.6113905    0.0015922
 0.6113905     0.6129279   -0.0015374
 0.6129279     0.6114435    0.0014844
 0.6114435     0.6128768   -0.0014333
 0.6128768     0.6114929    0.0013839
 0.6114929     0.6128292   -0.0013363
 0.6128292     0.6115390    0.0012902
 0.6115390     0.6127848   -0.0012458
 0.6127848     0.6115819    0.0012029
 0.6115819     0.6127434   -0.0011615
 0.6127434     0.6116219    0.0011215
 0.6116219     0.6127048   -0.0010829
 0.6127048     0.6116593    0.0010456
 0.6116593     0.6126688   -0.0010096
