 -2.000000      0.990856     
 -1.600000      0.979688      -0.011168     
 -1.200000      0.954983      -0.024705      -0.013537     
 -0.800000      0.900739      -0.054244      -0.029539      -0.016002     
 -0.400000      0.783623      -0.117116      -0.062872      -0.033333      -0.017331     
  0.000000      0.540302      -0.243321      -0.126205      -0.063333      -0.030000      -0.012669     
  0.400000      0.078890      -0.461413      -0.218092      -0.091887      -0.028555       0.001446       0.014115     
  0.800000     -0.608957      -0.687846      -0.226434      -0.008341       0.083546       0.112101       0.110655       0.096540     
  1.200000     -0.984107      -0.375150       0.312696       0.539130       0.547471       0.463925       0.351824       0.241169       0.144629     
  1.600000      0.238328       1.222434       1.597585       1.284888       0.745759       0.198288      -0.265637      -0.617461      -0.858630      -1.003259     
  2.000000      0.448356       0.210029      -1.012406      -2.609990      -3.894879      -4.640638      -4.838925      -4.573288      -3.955827      -3.097197      -2.093938     
result is: -0.9088612
