   8.0      54.0000       58.0000      -76.0000       58.0000       77.0000     -367.0000      834.0000    -1452.0000     2080.0000    -2410.0000     2046.0000     -930.0000      639.0000    -8005.0000    44722.0000    -170962.0000    538529.0000    -1501168.0000    3829743.0000    
   9.0     112.0000      -18.0000      -18.0000      135.0000     -290.0000      467.0000     -618.0000      628.0000     -330.0000     -364.0000     1116.0000     -291.0000    -7366.0000    36717.0000    -126240.0000    367567.0000    -962639.0000    2328575.0000    
  10.0      94.0000      -36.0000      117.0000     -155.0000      177.0000     -151.0000       10.0000      298.0000     -694.0000      752.0000      825.0000    -7657.0000    29351.0000    -89523.0000    241327.0000    -595072.0000    1365936.0000    
  11.0      58.0000       81.0000      -38.0000       22.0000       26.0000     -141.0000      308.0000     -396.0000       58.0000     1577.0000    -6832.0000    21694.0000    -60172.0000    151804.0000    -353745.0000    770864.0000    
  12.0     139.0000       43.0000      -16.0000       48.0000     -115.0000      167.0000      -88.0000     -338.0000     1635.0000    -5255.0000    14862.0000    -38478.0000    91632.0000    -201941.0000    417119.0000    
  13.0     182.0000       27.0000       32.0000      -67.0000       52.0000       79.0000     -426.0000     1297.0000    -3620.0000     9607.0000    -23616.0000    53154.0000    -110309.0000    215178.0000    
  14.0     209.0000       59.0000      -35.0000      -15.0000      131.0000     -347.0000      871.0000    -2323.0000     5987.0000    -14009.0000    29538.0000    -57155.0000    104869.0000    
  15.0     268.0000       24.0000      -50.0000      116.0000     -216.0000      524.0000    -1452.0000     3664.0000    -8022.0000    15529.0000    -27617.0000    47714.0000    
  16.0     292.0000      -26.0000       66.0000     -100.0000      308.0000     -928.0000     2212.0000    -4358.0000     7507.0000    -12088.0000    20097.0000    
  17.0     266.0000       40.0000      -34.0000      208.0000     -620.0000     1284.0000    -2146.0000     3149.0000    -4581.0000     8009.0000    
  18.0     306.0000        6.0000      174.0000     -412.0000      664.0000     -862.0000     1003.0000    -1432.0000     3428.0000    
  19.0     312.0000      180.0000     -238.0000      252.0000     -198.0000      141.0000     -429.0000     1996.0000    
  20.0     492.0000      -58.0000       14.0000       54.0000      -57.0000     -288.0000     1567.0000    
  21.0     434.0000      -44.0000       68.0000       -3.0000     -345.0000     1279.0000    
  22.0     390.0000       24.0000       65.0000     -348.0000      934.0000    
  23.0     414.0000       89.0000     -283.0000      586.0000    
  24.0     503.0000     -194.0000      303.0000    
  25.0     309.0000      109.0000    
  26.0     418.0000    
result is 9118724.0000000