 1.0000000     5.0000000     1.6666667    -2.2222222
 1.6666667     5.0000000     2.2727273    -1.6528926
 2.2727273     5.0000000     2.6595745    -0.9053871
 2.6595745     5.0000000     2.8538813    -0.4170055
 2.8538813     5.0000000     2.9397930    -0.1769960
 2.9397930     5.0000000     2.9756237    -0.0725347
 2.9756237     5.0000000     2.9902017    -0.0292989
 2.9902017     5.0000000     2.9960730    -0.0117656
 2.9960730     5.0000000     2.9984280    -0.0047136
 2.9984280     5.0000000     2.9993710    -0.0018866
 2.9993710     5.0000000     2.9997484    -0.0007548
 2.9997484     5.0000000     2.9998993    -0.0003020
 2.9998993     5.0000000     2.9999597    -0.0001208
