   8.0   54.00    58.00    -76.00    58.00    77.00    -367.00    834.00    -1452.00    2080.00    -2410.00    2046.00    -930.00    639.00    -8005.00    44722.00    -170962.00    538529.00    -1501168.00    3829743.00    
   9.0   112.00    -18.00    -18.00    135.00    -290.00    467.00    -618.00    628.00    -330.00    -364.00    1116.00    -291.00    -7366.00    36717.00    -126240.00    367567.00    -962639.00    2328575.00    
  10.0   94.00    -36.00    117.00    -155.00    177.00    -151.00    10.00    298.00    -694.00    752.00    825.00    -7657.00    29351.00    -89523.00    241327.00    -595072.00    1365936.00    
  11.0   58.00    81.00    -38.00    22.00    26.00    -141.00    308.00    -396.00    58.00    1577.00    -6832.00    21694.00    -60172.00    151804.00    -353745.00    770864.00    
  12.0   139.00    43.00    -16.00    48.00    -115.00    167.00    -88.00    -338.00    1635.00    -5255.00    14862.00    -38478.00    91632.00    -201941.00    417119.00    
  13.0   182.00    27.00    32.00    -67.00    52.00    79.00    -426.00    1297.00    -3620.00    9607.00    -23616.00    53154.00    -110309.00    215178.00    
  14.0   209.00    59.00    -35.00    -15.00    131.00    -347.00    871.00    -2323.00    5987.00    -14009.00    29538.00    -57155.00    104869.00    
  15.0   268.00    24.00    -50.00    116.00    -216.00    524.00    -1452.00    3664.00    -8022.00    15529.00    -27617.00    47714.00    
  16.0   292.00    -26.00    66.00    -100.00    308.00    -928.00    2212.00    -4358.00    7507.00    -12088.00    20097.00    
  17.0   266.00    40.00    -34.00    208.00    -620.00    1284.00    -2146.00    3149.00    -4581.00    8009.00    
  18.0   306.00     6.00    174.00    -412.00    664.00    -862.00    1003.00    -1432.00    3428.00    
  19.0   312.00    180.00    -238.00    252.00    -198.00    141.00    -429.00    1996.00    
  20.0   492.00    -58.00    14.00    54.00    -57.00    -288.00    1567.00    
  21.0   434.00    -44.00    68.00    -3.00    -345.00    1279.00    
  22.0   390.00    24.00    65.00    -348.00    934.00    
  23.0   414.00    89.00    -283.00    586.00    
  24.0   503.00    -194.00    303.00    
  25.0   309.00    109.00    
  26.0   418.00    
result is 492.00