-1.0000000     2.0000000     0.5000000    -0.4716130
-1.0000000     0.5000000    -0.2500000     0.2464274
-0.2500000     0.5000000     0.1250000    -0.1245527
-0.2500000     0.1250000    -0.0625000     0.0624441
-0.0625000     0.1250000     0.0312500    -0.0312430
-0.0625000     0.0312500    -0.0156250     0.0156241
-0.0156250     0.0312500     0.0078125    -0.0078124
-0.0156250     0.0078125    -0.0039062     0.0039062
-0.0039062     0.0078125     0.0019531    -0.0019531
-0.0039062     0.0019531    -0.0009766     0.0009766
-0.0009766     0.0019531     0.0004883    -0.0004883
-0.0009766     0.0004883    -0.0002441     0.0002441
-0.0002441     0.0004883     0.0001221    -0.0001221
-0.0002441     0.0001221    -0.0000610     0.0000610
-0.0000610     0.0001221     0.0000305    -0.0000305
-0.0000610     0.0000305    -0.0000153     0.0000153
-0.0000153     0.0000305     0.0000076    -0.0000076
-0.0000153     0.0000076    -0.0000038     0.0000038
-0.0000038     0.0000076     0.0000019    -0.0000019
